275318
293918
270264
155656
303565
174187
306675
221932
157627
134655
134642
134637
219474
185558
188183
300468
300498
142295
429710
300738
289932
176188
300618
279852
257228
306012
306173
305964
306156
306188
916960
293923
278426
305225
306087
251292
240756
283066
308185
530650
304869
305784
201903
201942
302667
140663
180663
302684
308118
282574
282673
17673
63724
282566
307017
267498
189805
651780
230443
207394
277612
277609
298036
913700
913690
279544
240562
246316
142279
135253
99965
191002
195229
261378
55258
284926
831271
302769
156603
294336
964643
215999
306038
305996
305988
306004
268699
302682
251229
285369
299997
316428
178098
299395
291316
134653
97294
295129
295133
88843
252837
192425
252846
69509
295382
289409
162459
111036
221756
49643
302862
131759
295304
289779
275165
194108
